BackendTime,ch0sens,ch1sens,ch2sens,ch3sens,temp0,temp1,system_status,system_time
1740308591947.7578,35.975372314453125,206.19224548339844,2.7836954593658447,46.239627838134766,,14.0,1,3321636
1740308591968.0105,35.987308502197266,206.2197113037109,2.8099441528320312,46.08852005004883,,14.0,1,3321656
1740308591988.1665,35.9450569152832,206.23159790039065,2.769258499145508,42.764102935791016,,13.921875,1,3321676
1740308592009.386,35.949249267578125,206.22100830078125,2.828318357467652,44.04853439331055,,13.921875,1,3321697
1740308592029.6646,35.91673278808594,206.21585083007807,2.79419493675232,44.19964599609375,,13.921875,1,3321717
1740308592048.5735,35.92871856689453,206.2800750732422,2.7640087604522705,44.652976989746094,,13.921875,1,3321737
1740308592068.847,35.95075607299805,206.2232666015625,2.78500771522522,43.217430114746094,,13.921875,1,3321757
1740308592090.088,35.929683685302734,206.1909027099609,2.802069664001465,44.879638671875,,13.921875,1,3321778
1740308592110.0295,35.944091796875,206.1973571777344,2.792882442474365,43.746315002441406,,13.96875,1,3321798
1740308592130.6028,35.95978546142578,206.2393341064453,2.771883249282837,44.879638671875,,13.96875,1,3321819
1740308592150.5964,35.99375534057617,206.1962738037109,2.8178188800811768,44.72853088378906,,13.96875,1,3321839
1740308592170.9497,35.988380432128906,206.22874450683597,2.80338191986084,44.50186538696289,,13.96875,1,3321859
1740308592192.2517,35.987735748291016,206.2489013671875,2.836193084716797,44.652976989746094,,13.90625,1,3321880
1740308592213.1543,35.973976135253906,206.2633056640625,2.7784454822540283,45.55963516235352,,13.90625,1,3321901
1740308592233.691,35.99279022216797,206.22412109375,2.80338191986084,44.50186538696289,,13.90625,1,3321921
1740308592253.3806,35.94247817993164,206.227783203125,2.773195743560791,45.63518905639648,,13.90625,1,3321941
1740308592274.1094,35.93532943725586,206.21519470214844,2.792882442474365,45.181861877441406,,13.9453125,1,3321962
1740308592295.0342,36.02450180053711,206.2360076904297,2.8322558403015137,44.27519989013672,,13.9453125,1,3321983
1740308592316.6558,35.997840881347656,206.21229553222656,2.804694414138794,44.42631149291992,,13.9453125,1,3322004
1740308592337.3103,35.954681396484375,206.2021331787109,2.8007571697235107,46.46629333496094,,13.9453125,1,3322025
1740308592360.3076,35.939090728759766,206.21487426757807,2.8322558403015137,44.72853088378906,,14.0390625,1,3322048
1740308592378.37,35.971771240234375,206.239013671875,2.8270061016082764,45.10630416870117,,14.0390625,1,3322067
1740308592398.6377,35.936134338378906,206.22589111328125,2.7994446754455566,45.861854553222656,,14.0390625,1,3322086
1740308592418.464,35.95322799682617,206.2301483154297,2.808631896972656,44.72853088378906,,14.0390625,1,3322106
1740308592438.4724,35.955379486083984,206.22003173828125,2.8112566471099854,43.97298049926758,,14.0390625,1,3322127
1740308592458.6062,35.94844436645508,206.2529296875,2.771883249282837,45.10630416870117,,14.0390625,1,3322147
1740308592479.6956,36.02020263671875,206.23309326171875,2.795507431030273,44.72853088378906,,14.0390625,1,3322168
1740308592500.854,35.99407958984375,206.20751953125,2.791569948196411,44.19964599609375,,13.9453125,1,3322189
1740308592520.3433,36.00069046020508,206.19906616210935,2.815194129943848,46.69295883178711,,13.9453125,1,3322208
1740308592540.4854,36.002464294433594,206.21766662597656,2.775820732116699,45.10630416870117,,13.9453125,1,3322229
1740308592562.602,35.984458923339844,206.17999267578125,2.774508237838745,42.764102935791016,,13.9453125,1,3322250
1740308592582.492,35.95269012451172,206.17575073242188,2.791569948196411,42.91521072387695,,13.9453125,1,3322270
1740308592603.0222,35.97929763793945,206.20643615722656,2.8348805904388428,44.50186538696289,,13.9453125,1,3322291
1740308592623.1443,36.00214385986328,206.22933959960935,2.7797579765319824,42.0841064453125,,13.9453125,1,3322311
1740308592644.3423,35.9887580871582,206.21617126464844,2.7810704708099365,43.82187271118164,,13.9453125,1,3322332
1740308592664.42,35.974300384521484,206.20155334472656,2.7968196868896484,47.29739761352539,,13.9296875,1,3322352
1740308592685.5398,36.00187301635742,206.21766662597656,2.7836954593658447,44.50186538696289,,13.9296875,1,3322373
1740308592705.5378,35.966773986816406,206.21804809570312,2.770570993423462,44.652976989746094,,13.9296875,1,3322393
1740308592726.4185,35.97800827026367,206.2250823974609,2.786320209503174,43.59520721435547,,13.9296875,1,3322414
1740308592747.7517,35.9556999206543,206.20901489257807,2.78238296508789,44.50186538696289,,13.9296875,1,3322435
1740308592765.9854,35.9498405456543,206.2355194091797,2.791569948196411,46.61740493774414,,13.9296875,1,3322454
1740308592788.6235,35.9543571472168,206.2095489501953,2.857192277908325,44.42631149291992,,13.9296875,1,3322476
1740308592807.745,35.95107650756836,206.21116638183597,2.807319402694702,42.53743743896485,,13.9296875,1,3322496
1740308592827.61,35.98488998413086,206.19595336914065,2.804694414138794,46.315185546875,,13.9296875,1,3322515
1740308592847.618,35.94446563720703,206.2125701904297,2.79419493675232,46.69295883178711,,13.9296875,1,3322536
1740308592868.2769,35.96537780761719,206.2261657714844,2.8165063858032227,45.937408447265625,,14.0390625,1,3322556
1740308592890.785,35.95419692993164,206.19241333007807,2.823068618774414,43.89742660522461,,14.0390625,1,3322579
1740308592907.8628,36.009239196777344,206.20208740234372,2.795507431030273,43.59520721435547,,14.0390625,1,3322596
1740308592931.3384,35.97639465332031,206.19241333007807,2.770570993423462,42.764102935791016,,14.0390625,1,3322619
1740308592951.3433,35.990318298339844,206.1455841064453,2.792882442474365,45.48408126831055,,14.0390625,1,3322639
1740308592971.569,35.979835510253906,206.181396484375,2.792882442474365,44.50186538696289,,14.0390625,1,3322659
1740308592990.928,35.98972702026367,206.21078491210935,2.80338191986084,44.72853088378906,,14.0390625,1,3322678
1740308593010.684,35.96757888793945,206.220458984375,2.788945198059082,44.879638671875,,14.0390625,1,3322698
1740308593032.5986,35.92393493652344,206.1737060546875,2.838818073272705,45.40852355957031,,14.0390625,1,3322721
1740308593053.8992,35.92280578613281,206.1825714111328,2.82175612449646,44.652976989746094,,14.0390625,1,3322742
1740308593072.7993,35.97284698486328,206.20445251464844,2.80338191986084,45.257415771484375,,14.0390625,1,3322761
1740308593094.025,35.968170166015625,206.22637939453125,2.791569948196411,45.48408126831055,,14.0390625,1,3322782
1740308593114.196,35.962581634521484,206.21417236328125,2.7981321811676025,42.91521072387695,,14.0390625,1,3322802
1740308593133.1404,35.95924758911133,206.22122192382807,2.80338191986084,43.217430114746094,,14.0390625,1,3322821
1740308593155.526,35.971343994140625,206.21250915527344,2.80338191986084,43.519649505615234,,14.0390625,1,3322843
1740308593176.724,35.95500183105469,206.2206878662109,2.786320209503174,44.72853088378906,,14.015625,1,3322864
1740308593196.072,35.963924407958984,206.1916046142578,2.792882442474365,43.746315002441406,,14.015625,1,3322884
1740308593218.1863,35.970428466796875,206.20526123046875,2.765321016311645,44.72853088378906,,14.015625,1,3322905
1740308593237.4014,36.006874084472656,206.26583862304688,2.808631896972656,43.141876220703125,,14.015625,1,3322926
1740308593258.661,35.965858459472656,206.21359252929688,2.828318357467652,44.12409210205078,,13.96875,1,3322947
1740308593278.7207,35.99235916137695,206.2162170410156,2.790257453918457,45.55963516235352,,13.96875,1,3322967
1740308593299.6912,35.97080612182617,206.20155334472656,2.773195743560791,45.63518905639648,,13.96875,1,3322988
1740308593321.1655,35.998756408691406,206.2326202392578,2.823068618774414,44.19964599609375,,13.96875,1,3323009
1740308593343.5713,35.98139572143555,206.22642517089844,2.791569948196411,44.27519989013672,,13.96875,1,3323031
1740308593367.2432,35.95849609375,206.24099731445312,2.790257453918457,46.239627838134766,,13.96875,1,3323054
1740308593384.2349,36.00214385986328,206.2129364013672,2.8099441528320312,44.80408477783203,,13.96875,1,3323072
1740308593404.088,36.028533935546875,206.22373962402344,2.823068618774414,44.879638671875,,13.96875,1,3323092
1740308593424.0847,36.000850677490234,206.2068634033203,2.7679460048675537,42.61299133300781,,13.96875,1,3323112
1740308593443.88,36.0076789855957,206.19573974609372,2.8099441528320312,43.67076110839844,,13.96875,1,3323132
1740308593465.9958,35.99176788330078,206.16944885253903,2.808631896972656,43.67076110839844,,13.9921875,1,3323154
1740308593486.262,35.972740173339844,206.2321319580078,2.828318357467652,45.332969665527344,,13.9921875,1,3323174
1740308593506.7825,35.993865966796875,206.2433624267578,2.808631896972656,46.08852005004883,,13.9921875,1,3323195
1740308593527.61,35.98134231567383,206.2200927734375,2.7626962661743164,44.879638671875,,13.9921875,1,3323216
1740308593547.6829,35.95709991455078,206.2369079589844,2.815194129943848,47.07073211669922,,13.9765625,1,3323236
1740308593569.358,35.99445724487305,206.2219696044922,2.8480050563812256,46.91962432861328,,13.9765625,1,3323257
1740308593590.4868,36.00004577636719,206.23309326171875,2.788945198059082,44.35075378417969,,13.9765625,1,3323278
1740308593609.8518,35.99493789672852,206.201171875,2.792882442474365,43.746315002441406,,13.9765625,1,3323298
1740308593631.3755,35.981285095214844,206.192626953125,2.7836954593658447,43.89742660522461,,13.9765625,1,3323319
1740308593651.7656,35.950164794921875,206.18966674804688,2.8440678119659424,45.71074295043945,,13.9765625,1,3323339
1740308593670.708,35.93984603881836,206.1649932861328,2.7994446754455566,45.332969665527344,,13.9765625,1,3323359
1740308593692.0383,35.968223571777344,206.1988525390625,2.791569948196411,43.29298782348633,,14.0390625,1,3323380
1740308593713.329,35.94801330566406,206.1832733154297,2.8178188800811768,45.0307502746582,,14.0390625,1,3323401
1740308593733.6636,35.95838928222656,206.197998046875,2.8322558403015137,41.93299865722656,,14.0390625,1,3323421
1740308593754.0493,35.98789978027344,206.19708251953125,2.8007571697235107,45.40852355957031,,14.0390625,1,3323442
1740308593773.7236,35.922752380371094,206.15887451171875,2.806006908416748,43.141876220703125,,14.015625,1,3323462
1740308593794.474,35.972633361816406,206.1988525390625,2.80338191986084,46.239627838134766,,14.015625,1,3323482
1740308593815.693,35.96924591064453,206.24368286132807,2.8165063858032227,43.89742660522461,,14.015625,1,3323503
1740308593834.754,35.94554138183594,206.18084716796875,2.8007571697235107,43.59520721435547,,14.015625,1,3323523
1740308593854.894,35.947532653808594,206.18670654296875,2.788945198059082,44.72853088378906,,13.921875,1,3323543
1740308593874.8276,35.98757553100586,206.1879425048828,2.7771332263946533,44.19964599609375,,13.921875,1,3323563
1740308593897.5225,35.955055236816406,206.2310028076172,2.80338191986084,42.91521072387695,,13.921875,1,3323585
1740308593917.4475,36.00300216674805,206.20428466796875,2.808631896972656,44.80408477783203,,13.921875,1,3323605
1740308593937.516,35.9671516418457,206.1861724853516,2.807319402694702,45.48408126831055,,13.921875,1,3323626
1740308593958.77,35.93043899536133,206.2370147705078,2.80338191986084,44.955196380615234,,13.921875,1,3323647
1740308593978.9192,35.97951126098633,206.20025634765625,2.791569948196411,43.141876220703125,,13.9765625,1,3323667
1740308594000.1511,35.95338821411133,206.1648406982422,2.775820732116699,44.50186538696289,,13.9765625,1,3323688
1740308594020.3538,35.93828582763672,206.1852569580078,2.795507431030273,45.78630065917969,,13.9765625,1,3323708
1740308594041.5872,35.89399337768555,206.23960876464844,2.8165063858032227,45.78630065917969,,13.9765625,1,3323729
1740308594061.6694,35.88663101196289,206.24127197265625,2.7981321811676025,43.746315002441406,,13.9765625,1,3323750
1740308594082.7332,35.919471740722656,206.2027282714844,2.791569948196411,43.141876220703125,,13.9765625,1,3323771
1740308594103.3997,35.941402435302734,206.2060089111328,2.819131374359131,43.89742660522461,,13.9765625,1,3323791
1740308594123.7678,35.911678314208984,206.2417449951172,2.8270061016082764,46.39073944091797,,13.9765625,1,3323812
1740308594142.705,35.9498405456543,206.2149810791016,2.836193084716797,42.99076843261719,,13.9765625,1,3323831
1740308594163.6318,35.99795150756836,206.2023468017578,2.806006908416748,44.80408477783203,,13.9765625,1,3323852
1740308594183.7737,35.98843765258789,206.2072906494141,2.807319402694702,44.35075378417969,,13.9765625,1,3323872
1740308594205.274,35.95199203491211,206.20993041992188,2.804694414138794,42.46188354492188,,13.9765625,1,3323893
1740308594227.396,35.93097686767578,206.2149353027344,2.790257453918457,43.519649505615234,,13.9453125,1,3323915
1740308594247.3972,35.89818572998047,206.2196044921875,2.787632703781128,43.89742660522461,,13.9453125,1,3323935
1740308594267.313,35.96043014526367,206.20675659179688,2.773195743560791,45.257415771484375,,13.9453125,1,3323955
1740308594289.0002,35.950218200683594,206.2289123535156,2.788945198059082,45.861854553222656,,13.9453125,1,3323977
1740308594310.701,35.97773742675781,206.2286376953125,2.820443868637085,45.10630416870117,,13.9453125,1,3323999
1740308594332.121,35.9423713684082,206.17843627929688,2.82175612449646,42.2352180480957,,13.9453125,1,3324020
1740308594354.5842,35.96828079223633,206.2269744873047,2.795507431030273,44.19964599609375,,14.015625,1,3324042
1740308594374.0144,35.973976135253906,206.20632934570312,2.815194129943848,46.46629333496094,,14.015625,1,3324062
1740308594394.2156,36.012142181396484,206.20477294921875,2.7784454822540283,44.652976989746094,,14.015625,1,3324082
1740308594414.4663,35.94091796875,206.19493103027344,2.8007571697235107,43.67076110839844,,14.015625,1,3324102
1740308594435.333,35.96236801147461,206.1910095214844,2.78238296508789,45.257415771484375,,14.015625,1,3324123
1740308594454.9343,35.9543571472168,206.25180053710935,2.802069664001465,44.42631149291992,,14.015625,1,3324143
1740308594476.8826,35.91920471191406,206.2412109375,2.7981321811676025,44.12409210205078,,14.015625,1,3324164
1740308594497.1577,35.92000961303711,206.23622131347656,2.79419493675232,43.97298049926758,,14.015625,1,3324185
1740308594518.68,35.894317626953125,206.20445251464844,2.802069664001465,43.29298782348633,,14.015625,1,3324206
1740308594538.6128,35.933876037597656,206.2318115234375,2.787632703781128,45.181861877441406,,14.03125,1,3324226
1740308594559.1812,35.92398834228516,206.2195587158203,2.807319402694702,46.91962432861328,,14.03125,1,3324247
1740308594579.502,35.95209884643555,206.22116088867188,2.815194129943848,43.29298782348633,,14.03125,1,3324267
1740308594600.5183,35.99552917480469,206.2260589599609,2.7771332263946533,45.332969665527344,,14.03125,1,3324288
1740308594620.9077,35.97574996948242,206.2271881103516,2.7836954593658447,44.72853088378906,,14.03125,1,3324308
1740308594640.8096,35.93210220336914,206.23336791992188,2.7994446754455566,45.861854553222656,,14.03125,1,3324329
1740308594661.763,35.97731018066406,206.1991271972656,2.774508237838745,46.1640739440918,,13.9921875,1,3324350
1740308594681.5562,35.98553466796875,206.19192504882807,2.804694414138794,45.181861877441406,,13.9921875,1,3324370
1740308594702.8547,35.97037506103516,206.21798706054688,2.775820732116699,46.61740493774414,,13.9921875,1,3324391
1740308594722.912,35.97870635986328,206.1834259033203,2.7640087604522705,45.861854553222656,,13.9921875,1,3324411
1740308594744.1094,35.966827392578125,206.2146148681641,2.7968196868896484,45.861854553222656,,14.0,1,3324432
1740308594764.3396,35.930545806884766,206.212890625,2.787632703781128,44.72853088378906,,14.0,1,3324452
1740308594785.8418,35.9017333984375,206.2451934814453,2.795507431030273,44.955196380615234,,14.0,1,3324473
1740308594804.878,35.90898895263672,206.21246337890625,2.807319402694702,45.332969665527344,,14.0,1,3324493
1740308594826.4346,35.94306945800781,206.22836303710935,2.8178188800811768,45.861854553222656,,14.0,1,3324514
1740308594846.0276,35.9571533203125,206.191650390625,2.8348805904388428,43.29298782348633,,14.0,1,3324534
1740308594866.2192,35.94484329223633,206.2203521728516,2.823068618774414,43.217430114746094,,13.9296875,1,3324554
1740308594887.6858,35.94871520996094,206.22450256347656,2.771883249282837,43.444095611572266,,13.9296875,1,3324575
1740308594908.821,35.97843933105469,206.22315979003903,2.774508237838745,43.217430114746094,,13.9296875,1,3324596
1740308594930.3977,35.955108642578125,206.21847534179688,2.7994446754455566,44.72853088378906,,13.9296875,1,3324618
1740308594951.5151,35.977203369140625,206.23062133789065,2.769258499145508,44.19964599609375,,14.0,1,3324639
1740308594969.0762,35.9106559753418,206.20230102539065,2.8007571697235107,44.19964599609375,,14.0,1,3324657
1740308594993.9543,35.9684944152832,206.1625213623047,2.8099441528320312,46.61740493774414,,14.0,1,3324681
1740308595011.034,35.94156265258789,206.2046661376953,2.7771332263946533,43.141876220703125,,14.0,1,3324699
1740308595032.5076,35.94339370727539,206.1942901611328,2.79419493675232,44.12409210205078,,14.0,1,3324720
1740308595053.6929,35.957313537597656,206.18589782714844,2.8165063858032227,44.19964599609375,,13.96875,1,3324741
1740308595072.638,35.94038009643555,206.18783569335935,2.758758783340454,42.61299133300781,,13.96875,1,3324761
1740308595094.038,35.9072151184082,206.1794586181641,2.8165063858032227,46.1640739440918,,13.96875,1,3324782
1740308595115.149,35.955326080322266,206.24240112304688,2.79419493675232,42.91521072387695,,13.96875,1,3324803
1740308595136.491,35.967098236083984,206.15359497070312,2.792882442474365,45.257415771484375,,14.0,1,3324824
1740308595157.1526,35.97188186645508,206.1760711669922,2.8138816356658936,44.19964599609375,,14.0,1,3324845
1740308595178.757,35.97870635986328,206.1996612548828,2.836193084716797,45.55963516235352,,14.0,1,3324866
1740308595198.276,35.948123931884766,206.2144470214844,2.7613837718963623,45.63518905639648,,14.0,1,3324886
1740308595219.57,35.98994064331055,206.17654418945312,2.786320209503174,44.12409210205078,,14.0,1,3324907
1740308595241.7268,35.98531723022461,206.17547607421875,2.7666335105896,43.06632232666016,,14.0,1,3324930
1740308595262.3435,35.991336822509766,206.20526123046875,2.7626962661743164,46.315185546875,,14.015625,1,3324950
1740308595282.55,35.967472076416016,206.21180725097656,2.806006908416748,44.879638671875,,14.015625,1,3324970
1740308595305.4348,35.94747543334961,206.2296600341797,2.795507431030273,47.29739761352539,,14.015625,1,3324993
1740308595326.8755,35.9351692199707,206.18724060058597,2.786320209503174,43.97298049926758,,14.015625,1,3325011
1740308595344.101,35.93376922607422,206.1589813232422,2.750884294509888,42.61299133300781,,13.953125,1,3325032
1740308595367.0674,35.96656036376953,206.1856384277344,2.8322558403015137,42.839656829833984,,13.953125,1,3325055
1740308595384.9587,35.98564147949219,206.1551055908203,2.7836954593658447,42.68854522705078,,13.953125,1,3325073
1740308595407.7925,35.94935989379883,206.2266998291016,2.819131374359131,45.48408126831055,,13.953125,1,3325095
1740308595426.767,35.989620208740234,206.1846160888672,2.7968196868896484,44.72853088378906,,13.953125,1,3325114
1740308595447.2417,35.96070098876953,206.21116638183597,2.8125691413879395,44.35075378417969,,13.953125,1,3325135
1740308595473.2402,35.937103271484375,206.18402099609372,2.833568334579468,42.61299133300781,,13.953125,1,3325156
1740308595491.455,35.95107650756836,206.1690216064453,2.824381113052368,44.57741928100586,,13.953125,1,3325179
1740308595510.9446,35.97639465332031,206.1918182373047,2.769258499145508,45.0307502746582,,13.953125,1,3325199
1740308595538.9685,35.95908737182617,206.192138671875,2.8112566471099854,46.54185104370117,,13.953125,1,3325220
1740308595553.1602,35.98230743408203,206.1899871826172,2.7981321811676025,44.652976989746094,,13.890625,1,3325241
1740308595573.5835,35.97687911987305,206.1754150390625,2.8270061016082764,45.257415771484375,,13.890625,1,3325262
1740308595595.2483,35.972740173339844,206.1884765625,2.823068618774414,43.746315002441406,,13.890625,1,3325283
1740308595614.579,35.989295959472656,206.1927795410156,2.8138816356658936,46.239627838134766,,13.890625,1,3325303
1740308595634.8374,35.99445724487305,206.20347595214844,2.7968196868896484,44.652976989746094,,13.9453125,1,3325323
1740308595655.276,35.96284866333008,206.2198181152344,2.808631896972656,43.141876220703125,,13.9453125,1,3325343
1740308595675.5537,35.930599212646484,206.21713256835935,2.819131374359131,46.08852005004883,,13.9453125,1,3325364
1740308595697.247,35.93683242797852,206.1967010498047,2.7981321811676025,45.332969665527344,,13.9453125,1,3325385
1740308595716.6472,35.9138298034668,206.1581115722656,2.80338191986084,43.519649505615234,,13.890625,1,3325405
1740308595737.0444,35.911624908447266,206.18988037109372,2.7981321811676025,46.69295883178711,,13.890625,1,3325425
1740308595757.604,35.920494079589844,206.19305419921875,2.8007571697235107,45.55963516235352,,13.890625,1,3325446
1740308595777.996,35.9351692199707,206.2227783203125,2.808631896972656,43.519649505615234,,13.890625,1,3325466
1740308595798.8865,35.95070266723633,206.19407653808597,2.83094334602356,44.955196380615234,,13.890625,1,3325487
1740308595820.4988,35.924739837646484,206.1727294921875,2.8138816356658936,44.50186538696289,,13.890625,1,3325507
1740308595839.64,35.89152145385742,206.2030029296875,2.790257453918457,46.315185546875,,13.890625,1,3325528
1740308595861.243,35.93242645263672,206.20831298828125,2.7981321811676025,44.80408477783203,,13.8671875,1,3325549
1740308595881.4646,35.93393325805664,206.1786956787109,2.804694414138794,43.141876220703125,,13.8671875,1,3325569
1740308595902.7932,35.965858459472656,206.16639709472656,2.7810704708099365,43.82187271118164,,13.8671875,1,3325590
1740308595922.001,35.97736358642578,206.21896362304688,2.829630851745605,42.68854522705078,,13.8671875,1,3325610
1740308595942.493,35.96768951416016,206.18881225585935,2.820443868637085,46.46629333496094,,13.9765625,1,3325631
1740308595962.8516,36.003108978271484,206.17999267578125,2.78238296508789,45.937408447265625,,13.9765625,1,3325651
1740308595983.5474,35.97483825683594,206.17300415039065,2.787632703781128,47.07073211669922,,13.9765625,1,3325672
1740308596006.1584,36.001712799072266,206.1934814453125,2.7968196868896484,43.746315002441406,,13.9765625,1,3325692
1740308596025.2712,35.95484161376953,206.1998291015625,2.788945198059082,44.19964599609375,,13.96875,1,3325713
1740308596045.308,35.971771240234375,206.2030487060547,2.806006908416748,45.181861877441406,,13.96875,1,3325733
1740308596065.594,36.01456069946289,206.1942901611328,2.7836954593658447,43.3685417175293,,13.96875,1,3325753
1740308596086.4514,35.95070266723633,206.17010498046875,2.80338191986084,45.937408447265625,,13.96875,1,3325774
1740308596106.4443,35.964622497558594,206.15467834472656,2.8125691413879395,42.68854522705078,,13.9921875,1,3325795
1740308596127.538,35.97806167602539,206.1965484619141,2.8165063858032227,45.78630065917969,,13.9921875,1,3325816
1740308596146.2034,35.95387268066406,206.18907165527344,2.79419493675232,44.80408477783203,,13.9921875,1,3325834
1740308596166.5164,35.99305725097656,206.2024078369141,2.841442823410034,43.97298049926758,,13.9921875,1,3325855
1740308596187.3018,36.04847717285156,206.1740264892578,2.7626962661743164,42.99076843261719,,13.9921875,1,3325876
1740308596207.5227,36.01450729370117,206.17654418945312,2.791569948196411,44.27519989013672,,13.9921875,1,3325896
1740308596228.8057,36.042240142822266,206.1658477783203,2.790257453918457,44.19964599609375,,13.9921875,1,3325917
1740308596248.743,36.01875305175781,206.20816040039065,2.78500771522522,45.63518905639648,,13.9921875,1,3325937
1740308596270.565,36.008914947509766,206.1593017578125,2.79419493675232,44.27519989013672,,13.9921875,1,3325958
1740308596292.2349,35.98564147949219,206.14984130859372,2.802069664001465,44.04853439331055,,13.9921875,1,3325979
1740308596313.5305,36.01837539672852,206.1415100097656,2.8138816356658936,45.332969665527344,,14.0,1,3326002
1740308596332.1636,36.004615783691406,206.2179412841797,2.7784454822540283,44.04853439331055,,14.0,1,3326020
1740308596360.3042,35.98719787597656,206.18896484375,2.802069664001465,46.54185104370117,,14.0,1,3326048
1740308596374.3542,36.02020263671875,206.1688690185547,2.795507431030273,43.82187271118164,,14.0,1,3326062
1740308596397.1384,36.02848052978516,206.14505004882807,2.7784454822540283,43.67076110839844,,14.0,1,3326085
1740308596414.349,36.009883880615234,206.2279357910156,2.806006908416748,44.27519989013672,,14.0,1,3326103
1740308596435.8096,36.00547409057617,206.20724487304688,2.7836954593658447,44.42631149291992,,13.96875,1,3326124
1740308596454.412,35.95682907104492,206.1638641357422,2.78238296508789,42.764102935791016,,13.96875,1,3326143
1740308596475.8518,35.96000289916992,206.2112274169922,2.7626962661743164,44.35075378417969,,13.96875,1,3326164
1740308596496.4092,35.94419860839844,206.22137451171875,2.795507431030273,45.63518905639648,,13.96875,1,3326185
1740308596516.5493,35.96349334716797,206.2199859619141,2.823068618774414,44.652976989746094,,13.96875,1,3326205
1740308596538.1648,36.00993728637695,206.2044982910156,2.786320209503174,44.27519989013672,,13.90625,1,3326226
1740308596557.4893,35.94451904296875,206.20594787597656,2.774508237838745,44.12409210205078,,13.90625,1,3326246
1740308596577.6262,35.990962982177734,206.1907958984375,2.802069664001465,43.59520721435547,,13.90625,1,3326266
1740308596598.6335,35.982791900634766,206.1417236328125,2.8007571697235107,43.89742660522461,,13.90625,1,3326287
1740308596620.751,35.957420349121094,206.15676879882807,2.808631896972656,43.89742660522461,,13.90625,1,3326309
1740308596639.9634,35.987091064453125,206.19407653808597,2.788945198059082,44.50186538696289,,13.90625,1,3326328
1740308596661.4353,35.943607330322266,206.22589111328125,2.7994446754455566,45.63518905639648,,13.90625,1,3326349
1740308596680.5774,35.96064758300781,206.1756896972656,2.7981321811676025,44.652976989746094,,13.90625,1,3326369
1740308596701.2446,35.95548629760742,206.1932678222656,2.819131374359131,43.746315002441406,,13.90625,1,3326390
1740308596721.7285,36.021278381347656,206.1802673339844,2.840130567550659,45.71074295043945,,13.90625,1,3326410
1740308596741.9673,35.97225570678711,206.19122314453125,2.7981321811676025,41.10189437866211,,13.96875,1,3326430
1740308596762.4675,35.98101806640625,206.15118408203125,2.7771332263946533,45.48408126831055,,13.96875,1,3326451
1740308596784.418,35.95758056640625,206.1056060791016,2.8178188800811768,46.239627838134766,,13.96875,1,3326472
1740308596805.1792,36.00235748291016,206.1122589111328,2.8112566471099854,44.42631149291992,,13.96875,1,3326493
1740308596824.6223,35.982147216796875,206.0182037353516,2.788945198059082,44.72853088378906,,14.0,1,3326513
1740308596845.052,35.90259552001953,205.90386962890625,2.769258499145508,45.48408126831055,,14.0,1,3326533
1740308596865.648,35.72978210449219,205.784912109375,2.7626962661743164,45.71074295043945,,14.0,1,3326554
1740308596884.8057,35.60862731933594,205.5917816162109,2.564517021179199,42.91521072387695,,14.0,1,3326573
1740308596907.2922,35.44801712036133,205.4046173095703,2.657700538635254,35.0574951171875,,14.015625,1,3326594
1740308596926.7837,35.29304885864258,205.1447296142578,3.036997079849243,-47.29739761352539,,14.015625,1,3326615
1740308596948.329,34.93882751464844,204.83453369140625,2.3112151622772217,68.9816665649414,,14.015625,1,3326636
1740308596967.5725,34.68232345581055,204.6236114501953,2.263967275619507,1.359989047050476,,14.015625,1,3326656
1740308596987.9612,34.386905670166016,204.24380493164065,3.2351763248443604,-267.6156311035156,,14.0859375,1,3326676
1740308597013.327,34.01591110229492,203.9788055419922,1.5014368295669556,-243.43804931640625,,14.0859375,1,3326700
1740308597029.6028,33.62491989135742,203.7042999267578,2.9582505226135254,-249.78466796875,,14.0859375,1,3326718
1740308597050.1008,33.21887969970703,203.4110870361328,2.674762487411499,-286.8065795898437,,14.0859375,1,3326738
1740308597070.8174,32.915775299072266,203.1658172607422,2.3112151622772217,-311.2864074707031,,14.0859375,1,3326759
1740308597092.6155,32.606807708740234,202.8383026123047,2.7154481410980225,-333.5751037597656,,14.0859375,1,3326781
1740308597112.3708,32.39239501953125,202.6568298339844,2.710198402404785,-328.6640319824219,,14.0859375,1,3326801
1740308597133.7097,32.20775604248047,202.4219970703125,2.527768611907959,-330.47735595703125,,14.25,1,3326822
1740308597155.5896,32.04021453857422,202.14781188964844,2.590765953063965,-335.3128662109375,,14.25,1,3326843
1740308597175.741,31.884172439575195,201.9766082763672,2.519893884658813,-357.6771240234375,,14.25,1,3326864
1740308597196.2974,31.77543258666992,201.7620849609375,2.628826856613159,-343.8505859375,,14.25,1,3326884
1740308597216.7695,31.738988876342773,201.5782623291016,2.4529592990875244,-331.5351257324219,,14.28125,1,3326905
1740308597238.471,31.75377082824707,201.31336975097656,2.3899619579315186,-325.641845703125,,14.28125,1,3326926
1740308597257.996,31.75156593322754,201.153076171875,2.521206378936768,-323.6018371582031,,14.28125,1,3326946
1740308597279.4988,31.708940505981445,201.031005859375,2.43327260017395,-323.45074462890625,,14.28125,1,3326968
1740308597298.7666,31.722326278686523,200.90576171875,2.5002071857452397,-318.8418884277344,,14.453125,1,3326986
1740308597318.783,31.656963348388672,200.82272338867188,2.513331651687622,-312.0419311523437,,14.453125,1,3327007
1740308597340.4983,31.62648582458496,200.77273559570312,2.5369558334350586,-312.6463928222656,,14.453125,1,3327028
1740308597366.5176,31.654705047607425,200.87603759765625,2.3755249977111816,-297.9131774902344,,14.453125,1,3327054
1740308597380.9858,31.64121437072754,201.026123046875,2.4096486568450928,-278.9488830566406,,14.453125,1,3327069
1740308597404.553,31.56300544738769,201.1277618408203,2.509394407272339,-257.2646179199219,,14.453125,1,3327093
1740308597422.2434,31.52414321899414,201.23236083984372,2.4253978729248047,19.03984832763672,,14.5234375,1,3327110
1740308597442.9368,31.45431900024414,201.44134521484372,2.559267282485962,19.87095260620117,,14.5234375,1,3327131
1740308597463.541,31.400352478027344,201.6195831298828,2.775820732116699,16.546533584594727,,14.5234375,1,3327152
1740308597484.1255,31.35369682312012,201.71026611328125,2.8991904258728027,4.684406757354736,,14.5234375,1,3327172
1740308597504.6497,31.285646438598636,201.87420654296875,2.573704242706299,4.986626625061035,,14.6484375,1,3327193
1740308597525.8633,31.185346603393555,202.02708435058597,2.3558382987976074,11.711017608642578,,14.6484375,1,3327214
1740308597546.2893,31.16691017150879,202.14259338378903,2.5500800609588623,13.524335861206056,,14.6484375,1,3327234
1740308597565.817,31.14944076538086,202.1980133056641,2.84931755065918,13.373226165771484,,14.6484375,1,3327254
1740308597587.5586,31.11353302001953,202.275634765625,2.754821538925171,11.031023025512695,,14.7734375,1,3327276
1740308597608.0264,31.11681365966797,202.4024810791016,2.328277111053467,15.639874458312988,,14.7734375,1,3327296
1740308597628.645,31.094236373901367,202.4180145263672,2.39652419090271,13.524335861206056,,14.7734375,1,3327317
1740308597648.809,31.09622573852539,202.48025512695312,2.596015691757202,12.164346694946287,,14.7734375,1,3327337
1740308597670.5237,31.01930809020996,202.5406188964844,2.519893884658813,11.333242416381836,,14.7734375,1,3327358
1740308597689.9265,31.03451919555664,202.6050262451172,2.5356433391571045,11.25768756866455,,14.7734375,1,3327378
1740308597710.2856,31.06633949279785,202.68736267089844,2.5067694187164307,12.31545639038086,,14.9921875,1,3327399
1740308597730.8352,31.06719970703125,202.6804351806641,2.4687085151672363,14.808770179748535,,14.9921875,1,3327419
1740308597751.1165,31.057201385498047,202.687744140625,2.521206378936768,14.279885292053224,,14.9921875,1,3327439
1740308597771.6228,31.06827545166016,202.7523498535156,2.539580583572388,13.977665901184082,,14.9921875,1,3327461
1740308597792.171,31.07918739318848,202.7511138916016,2.4017739295959477,16.99986457824707,,14.9921875,1,3327480
1740308597814.2524,31.12401580810547,202.7676696777344,2.413585901260376,12.768786430358888,,15.2578125,1,3327502
1740308597832.871,31.126541137695312,202.8116912841797,2.4739584922790527,14.506550788879396,,15.2578125,1,3327521
1740308597854.527,31.13836669921875,202.8434600830078,2.5343308448791504,13.59989070892334,,15.2578125,1,3327542
1740308597873.6992,31.12100601196289,202.8452911376953,2.5041446685791016,15.413209915161133,,15.2578125,1,3327562
1740308597894.2087,31.10504150390625,202.84271240234372,2.429335355758667,13.222116470336914,,15.453125,1,3327582
1740308597917.5886,31.116920471191406,202.91973876953125,2.564517021179199,12.995450973510742,,15.453125,1,3327603
1740308597934.598,31.16217994689941,202.92941284179688,2.3545258045196533,14.88432502746582,,15.453125,1,3327623
1740308597956.365,31.2265739440918,202.92398071289065,2.3256521224975586,13.373226165771484,,15.453125,1,3327645
1740308597975.481,31.263017654418945,202.9505920410156,2.412273406982422,14.959879875183104,,15.453125,1,3327664
1740308597997.3582,31.215070724487305,203.007568359375,2.578953981399536,14.88432502746582,,15.453125,1,3327685
1740308598016.8142,31.27860450744629,202.9928436279297,2.445084571838379,11.559906959533691,,15.734375,1,3327705
1740308598037.1477,31.25963020324707,202.99069213867188,2.309902667999268,12.239901542663574,,15.734375,1,3327725
1740308598058.4956,31.274627685546875,203.0409393310547,2.429335355758667,13.222116470336914,,15.734375,1,3327747
1740308598079.474,31.29951477050781,203.0811004638672,2.41489839553833,12.693231582641602,,15.734375,1,3327768
1740308598099.5762,31.35208320617676,203.1207733154297,2.447709560394287,13.146561622619627,,15.890625,1,3327788
1740308598120.8745,31.373046875,203.0958251953125,2.4529592990875244,14.355440139770508,,15.890625,1,3327809
1740308598141.4912,31.394655227661133,203.1251678466797,2.4345850944519043,12.542121887207031,,15.890625,1,3327830
1740308598162.5818,31.432710647583008,203.204833984375,2.426710367202759,11.937682151794434,,15.890625,1,3327851
1740308598183.0725,31.467004776000977,203.14764404296875,2.400461435317993,13.071006774902344,,16.1015625,1,3327871
1740308598203.9795,31.480926513671875,203.14813232421875,2.480520486831665,13.826556205749512,,16.1015625,1,3327893
1740308598225.716,31.48651695251465,203.1621551513672,2.428022861480713,16.017648696899414,,16.1015625,1,3327913
1740308598245.753,31.55462074279785,203.21192932128903,2.417523145675659,12.919896125793455,,16.1015625,1,3327934
1740308598271.332,31.533334732055664,203.26063537597656,2.330901861190796,12.844341278076172,,16.1015625,1,3327955
1740308598294.885,31.59611701965332,203.2621917724609,2.455584049224853,12.088791847229004,,16.1015625,1,3327976
1740308598308.019,31.62793731689453,203.21041870117188,2.4201481342315674,11.484352111816406,,16.28125,1,3327997
1740308598327.6477,31.698299407958984,203.2635803222656,2.315152645111084,11.40879726409912,,16.28125,1,3328016
1740308598349.8364,31.67040061950684,203.2405242919922,2.3689627647399902,12.617676734924316,,16.28125,1,3328037
1740308598372.1936,31.65212631225586,203.27911376953125,2.3715877532958984,11.484352111816406,,16.28125,1,3328060
1740308598388.8738,31.69851303100586,203.22509765625,2.4240853786468506,11.484352111816406,,16.40625,1,3328077
1740308598410.262,31.716358184814453,203.28761291503903,2.37814998626709,12.164346694946287,,16.40625,1,3328098
1740308598430.65,31.734634399414062,203.2914276123047,2.3873369693756104,11.25768756866455,,16.40625,1,3328119
1740308598450.8413,31.75941467285156,203.27659606933597,2.358463287353516,11.635462760925291,,16.40625,1,3328139
1740308598471.841,31.811016082763672,203.31024169921875,2.33221435546875,13.524335861206056,,16.390625,1,3328160
1740308598492.7688,31.799781799316406,203.2870178222656,2.3938992023468018,14.808770179748535,,16.390625,1,3328181
1740308598513.045,31.81354141235352,203.26649475097656,2.379462242126465,13.2976713180542,,16.390625,1,3328201
1740308598533.5342,31.8621883392334,203.2740173339844,2.328277111053467,9.746588706970217,,16.390625,1,3328222
1740308598553.913,31.91212272644043,203.25428771972656,2.3269646167755127,13.071006774902344,,16.390625,1,3328242
1740308598574.4197,31.91287612915039,203.30642700195312,2.334839344024658,14.279885292053224,,16.390625,1,3328263
1740308598594.8655,31.948619842529297,203.3252410888672,2.3886494636535645,12.995450973510742,,16.390625,1,3328283
1740308598623.6765,32.014896392822266,203.2582092285156,2.336151599884033,9.897698402404783,,16.390625,1,3328304
1740308598636.629,31.977054595947266,203.2711181640625,2.3715877532958984,8.839929580688477,,16.390625,1,3328324
1740308598656.7827,31.985010147094727,203.25375366210935,2.347963571548462,11.40879726409912,,16.390625,1,3328345
1740308598678.642,32.05940246582031,203.2434844970703,2.2954659461975098,14.204330444335938,,16.390625,1,3328366
1740308598698.7166,32.04779052734375,203.25245666503903,2.3702752590179443,11.031023025512695,,16.3828125,1,3328387
1740308598719.0957,32.05918884277344,203.24267578125,2.383399724960327,12.239901542663574,,16.3828125,1,3328408
1740308598740.6455,32.04359817504883,203.30137634277344,2.3243396282196045,13.146561622619627,,16.3828125,1,3328429
1740308598761.0857,32.04204177856445,203.26841735839844,2.3374640941619877,9.8221435546875,,16.3828125,1,3328449
1740308598782.64,32.051876068115234,203.2513885498047,2.37814998626709,11.937682151794434,,16.3203125,1,3328470
1740308598801.9128,32.08380508422852,203.234619140625,2.358463287353516,10.653247833251951,,16.3203125,1,3328490
1740308598820.6924,32.122398376464844,203.2509002685547,2.298090696334839,9.8221435546875,,16.3203125,1,3328509
1740308598841.846,32.10842514038086,203.1979522705078,2.282341480255127,12.31545639038086,,16.3203125,1,3328530
1740308598862.1245,32.09665298461914,203.2345123291016,2.3414013385772705,13.751001358032228,,16.3203125,1,3328550
1740308598883.6565,32.14755630493164,203.2381134033203,2.351901054382324,13.071006774902344,,16.3203125,1,3328571
1740308598904.0105,32.15018844604492,203.1978454589844,2.3217148780822754,10.879912376403809,,16.296875,1,3328592
1740308598923.7537,32.177711486816406,203.19537353515625,2.363713026046753,13.44878101348877,,16.296875,1,3328612
1740308598944.7798,32.1996955871582,203.1927947998047,2.351901054382324,12.919896125793455,,16.296875,1,3328633
1740308598965.678,32.19603729248047,203.2386932373047,2.300715684890747,11.711017608642578,,16.296875,1,3328654
1740308598986.7598,32.227806091308594,203.3407745361328,2.2902162075042725,12.844341278076172,,16.3359375,1,3328675
1740308599006.683,32.2158203125,203.38087463378903,2.365025520324707,11.937682151794434,,16.3359375,1,3328695
1740308599027.1023,32.164485931396484,203.52137756347656,2.329589366912842,11.182132720947266,,16.3359375,1,3328716
1740308599047.8516,32.19571685791016,203.62081909179688,2.334839344024658,11.786572456359863,,16.3359375,1,3328737
1740308599069.775,32.24226379394531,203.7691802978516,2.357150793075561,12.844341278076172,,16.2109375,1,3328758
1740308599100.8096,32.26457214355469,203.9159698486328,2.3269646167755127,12.239901542663574,,16.2109375,1,3328779
1740308599118.3538,32.302467346191406,204.05523681640625,2.283653974533081,13.902111053466797,,16.2109375,1,3328799
1740308599131.0732,32.28671646118164,204.3472137451172,2.2705295085906982,17.60430335998535,,16.2109375,1,3328819
1740308599159.5308,32.30434799194336,204.5824432373047,2.3230271339416504,16.168758392333984,,16.2109375,1,3328840
1740308599171.9836,32.28048324584961,204.76390075683597,2.317777395248413,18.35985374450684,,16.140625,1,3328860
1740308599193.024,32.327030181884766,205.00987243652344,2.4096486568450928,23.270925521850582,,16.140625,1,3328881
1740308599219.3745,32.415077209472656,205.2798614501953,2.365025520324707,24.55535888671875,,16.140625,1,3328901
1740308599233.744,32.415130615234375,205.5283660888672,2.3715877532958984,26.82200813293457,,16.140625,1,3328922
1740308599254.7148,32.43227767944336,205.66607666015625,2.269217014312744,31.73307991027832,,16.140625,1,3328943
1740308599275.7117,32.40115737915039,205.9748687744141,2.349276065826416,35.435272216796875,,16.140625,1,3328964
1740308599296.9556,32.44114685058594,206.1216735839844,2.3374640941619877,39.21302032470703,,16.1875,1,3328984
1740308599316.25,32.532310485839844,206.30706787109372,2.3112151622772217,41.40411376953125,,16.1875,1,3329005
1740308599337.5833,32.5252685546875,206.4498748779297,2.3387765884399414,44.80408477783203,,16.1875,1,3329026
1740308599364.5215,32.553218841552734,206.66612243652344,2.3230271339416504,43.06632232666016,,16.1875,1,3329053
1740308599378.4185,32.551605224609375,206.7634735107422,2.298090696334839,45.40852355957031,,16.0,1,3329067
1740308599399.6484,32.56182098388672,206.89085388183597,2.317777395248413,44.72853088378906,,16.0,1,3329087
1740308599419.5566,32.606163024902344,207.05206298828125,2.3387765884399414,43.97298049926758,,16.0,1,3329108
1740308599446.1152,32.60578918457031,207.14285278320312,2.3243396282196045,44.35075378417969,,16.0,1,3329128
1740308599467.7168,32.60288619995117,207.30747985839844,2.3046529293060303,43.89742660522461,,15.9765625,1,3329149
1740308599482.5854,32.63346862792969,207.3475341796875,2.3230271339416504,43.141876220703125,,15.9765625,1,3329170
1740308599502.0874,32.64604949951172,207.4573516845703,2.3217148780822754,43.59520721435547,,15.9765625,1,3329191
1740308599522.6472,32.6558837890625,207.52496337890625,2.3256521224975586,44.652976989746094,,15.9765625,1,3329211
1740308599543.117,32.670936584472656,207.66546630859372,2.309902667999268,43.59520721435547,,15.9765625,1,3329232
1740308599562.561,32.66244125366211,207.6656951904297,2.3427138328552246,43.29298782348633,,15.9765625,1,3329252
1740308599592.1162,32.678836822509766,207.74061584472656,2.3256521224975586,45.181861877441406,,15.9921875,1,3329273
1740308599604.6897,32.69243621826172,207.7921142578125,2.319089889526367,42.31077194213867,,15.9921875,1,3329293
1740308599631.9246,32.735599517822266,207.86801147460935,2.299403190612793,44.57741928100586,,15.9921875,1,3329314
1740308599646.724,32.727752685546875,207.87193298339844,2.3204023838043213,44.652976989746094,,15.9921875,1,3329335
1740308599666.864,32.672332763671875,207.9054718017578,2.316464900970459,46.01296615600586,,15.8671875,1,3329355
1740308599688.4648,32.67426681518555,207.97840881347656,2.317777395248413,43.29298782348633,,15.8671875,1,3329376
1740308599707.6204,32.72721481323242,208.0149688720703,2.3400890827178955,43.444095611572266,,15.8671875,1,3329396
1740308599728.2322,32.73683547973633,208.0279693603516,2.298090696334839,45.0307502746582,,15.8671875,1,3329416
1740308599748.672,32.70936965942383,207.97218322753903,2.300715684890747,43.746315002441406,,15.8671875,1,3329437
1740308599769.348,32.7694091796875,208.0289459228516,2.281028985977173,45.71074295043945,,15.796875,1,3329457
1740308599790.5315,32.74919891357422,208.0860748291016,2.319089889526367,45.71074295043945,,15.796875,1,3329479
1740308599812.5642,32.7811279296875,208.06365966796875,2.3217148780822754,45.332969665527344,,15.796875,1,3329501
1740308599831.9138,32.79106903076172,208.06039428710935,2.328277111053467,42.99076843261719,,15.796875,1,3329520
1740308599852.003,32.77214813232422,208.04324340820312,2.3387765884399414,44.50186538696289,,15.796875,1,3329540
1740308599872.4448,32.78445816040039,208.0465240478516,2.347963571548462,44.12409210205078,,15.796875,1,3329560
1740308599893.1687,32.86116409301758,208.0573272705078,2.299403190612793,44.27519989013672,,15.8046875,1,3329581
1740308599913.9453,32.84385299682617,208.0205078125,2.345338821411133,44.27519989013672,,15.8046875,1,3329602
1740308599934.501,32.87336349487305,208.01528930664065,2.3033406734466557,44.879638671875,,15.8046875,1,3329623
1740308599954.991,32.87916946411133,208.0409240722656,2.33221435546875,44.50186538696289,,15.8046875,1,3329643
1740308599975.22,32.85944366455078,207.97772216796875,2.3400890827178955,44.42631149291992,,15.734375,1,3329663
1740308599995.7883,32.85003662109375,208.0059967041016,2.312527656555176,43.59520721435547,,15.734375,1,3329684
1740308600016.0637,32.8694953918457,207.95767211914065,2.31384015083313,45.63518905639648,,15.734375,1,3329704
1740308600036.681,32.85664749145508,207.9541778564453,2.315152645111084,43.89742660522461,,15.734375,1,3329725
1740308600057.3032,32.85395812988281,207.92784118652344,2.3072779178619385,44.80408477783203,,15.671875,1,3329745
1740308600077.6282,32.863582611083984,207.98019409179688,2.3112151622772217,43.3685417175293,,15.671875,1,3329766
1740308600100.4114,32.892337799072266,207.89279174804688,2.3545258045196533,43.444095611572266,,15.671875,1,3329787
1740308600119.5913,32.828857421875,207.92735290527344,2.346651315689087,45.861854553222656,,15.671875,1,3329808
1740308600140.204,32.80010223388672,207.90261840820312,2.3427138328552246,44.04853439331055,,15.671875,1,3329828
1740308600160.9067,32.828857421875,207.90025329589844,2.299403190612793,45.257415771484375,,15.671875,1,3329849
1740308600182.7883,32.82240676879883,207.91896057128903,2.2902162075042725,42.99076843261719,,15.7578125,1,3329870
1740308600202.5928,32.82493209838867,207.918701171875,2.3387765884399414,45.48408126831055,,15.7578125,1,3329891
1740308600220.716,32.88174819946289,207.89236450195312,2.281028985977173,45.10630416870117,,15.7578125,1,3329910
1740308600240.7395,32.82455825805664,207.87908935546875,2.309902667999268,45.181861877441406,,15.7578125,1,3329930
1740308600261.8977,32.86212921142578,207.8666076660156,2.300715684890747,44.879638671875,,15.8203125,1,3329951
1740308600287.0967,32.85514068603516,207.85870361328125,2.3085904121398926,46.08852005004883,,15.8203125,1,3329975
1740308600308.3438,32.853904724121094,207.83349609375,2.346651315689087,42.91521072387695,,15.8203125,1,3329997
1740308600323.757,32.9030876159668,207.8272705078125,2.366338014602661,43.29298782348633,,15.8203125,1,3330013
1740308600345.7524,32.902069091796875,207.83807373046875,2.319089889526367,45.10630416870117,,15.8203125,1,3330034
1740308600370.65,32.86341857910156,207.8530731201172,2.328277111053467,44.35075378417969,,15.8203125,1,3330059
1740308600387.356,32.82047271728516,207.8204345703125,2.3400890827178955,45.55963516235352,,15.8203125,1,3330075
1740308600407.5898,32.78870391845703,207.78753662109372,2.315152645111084,45.40852355957031,,15.8203125,1,3330096
1740308600428.4106,32.83084487915039,207.79507446289065,2.345338821411133,44.57741928100586,,15.8203125,1,3330117
1740308600449.283,32.846649169921875,207.8033447265625,2.2875912189483643,43.746315002441406,,15.8203125,1,3330138
1740308600470.1553,32.84052276611328,207.7662506103516,2.31384015083313,44.04853439331055,,15.796875,1,3330159
1740308600493.6023,32.82670593261719,207.7779693603516,2.35058856010437,43.82187271118164,,15.796875,1,3330181
1740308600513.4512,32.813270568847656,207.76695251464844,2.329589366912842,43.217430114746094,,15.796875,1,3330201
1740308600535.9138,32.847564697265625,207.78463745117188,2.333526849746704,44.80408477783203,,15.796875,1,3330223
1740308600556.8518,32.823429107666016,207.7215881347656,2.3046529293060303,43.444095611572266,,15.796875,1,3330244
1740308600576.8428,32.79526138305664,207.73782348632807,2.3072779178619385,42.68854522705078,,15.6875,1,3330264
1740308600598.2085,32.81085205078125,207.72885131835935,2.330901861190796,42.38632583618164,,15.6875,1,3330285
1740308600619.0967,32.80424118041992,207.7190704345703,2.3269646167755127,43.746315002441406,,15.6875,1,3330306
1740308600638.9275,32.80047607421875,207.71331787109372,2.328277111053467,46.08852005004883,,15.6875,1,3330326
1740308600659.8906,32.79854202270508,207.70364379882807,2.333526849746704,43.3685417175293,,15.734375,1,3330347
1740308600680.1802,32.839500427246094,207.73486328125,2.2875912189483643,43.444095611572266,,15.734375,1,3330368
1740308600700.2798,32.81257247924805,207.73439025878903,2.3059654235839844,43.141876220703125,,15.734375,1,3330388
1740308600722.663,32.8127326965332,207.6733245849609,2.3072779178619385,45.257415771484375,,15.734375,1,3330409
1740308600741.3816,32.83256530761719,207.70083618164065,2.3689627647399902,44.04853439331055,,15.734375,1,3330429
1740308600765.037,32.8419189453125,207.6962738037109,2.309902667999268,43.59520721435547,,15.734375,1,3330449
1740308600788.337,32.851165771484375,207.65342712402344,2.3256521224975586,44.72853088378906,,15.75,1,3330470
1740308600802.6997,32.84998321533203,207.61257934570312,2.3217148780822754,46.46629333496094,,15.75,1,3330491
1740308600824.0522,32.878631591796875,207.62380981445312,2.315152645111084,42.2352180480957,,15.75,1,3330511
1740308600844.362,32.850250244140625,207.58560180664065,2.345338821411133,43.67076110839844,,15.75,1,3330532
1740308600865.5215,32.86024856567383,207.58790588378903,2.3400890827178955,45.48408126831055,,15.78125,1,3330553
1740308600886.7744,32.85309982299805,207.6376800537109,2.3427138328552246,44.879638671875,,15.78125,1,3330574
1740308600905.541,32.875675201416016,207.60467529296875,2.3440263271331787,43.97298049926758,,15.78125,1,3330594
1740308600926.818,32.83369445800781,207.63595581054688,2.3414013385772705,42.764102935791016,,15.78125,1,3330615
1740308600946.9717,32.85288619995117,207.593505859375,2.282341480255127,44.35075378417969,,15.7734375,1,3330634
1740308600966.1306,32.940284729003906,207.56195068359372,2.2954659461975098,45.181861877441406,,15.7734375,1,3330654
1740308600987.549,32.8711051940918,207.5800018310547,2.333526849746704,44.652976989746094,,15.7734375,1,3330676
1740308601007.798,32.88776779174805,207.5730743408203,2.362400531768799,44.50186538696289,,15.7734375,1,3330695
1740308601029.9275,32.88706970214844,207.55792236328125,2.35058856010437,43.59520721435547,,15.78125,1,3330717
1740308601048.966,32.85369110107422,207.54205322265625,2.328277111053467,44.879638671875,,15.78125,1,3330736
1740308601076.437,32.851593017578125,207.56118774414065,2.363713026046753,45.181861877441406,,15.78125,1,3330758
1740308601088.93,32.87115859985352,207.57522583007807,2.3112151622772217,45.78630065917969,,15.78125,1,3330778
1740308601110.9397,32.785587310791016,207.52598571777344,2.3112151622772217,43.746315002441406,,15.78125,1,3330799
1740308601132.962,32.84648895263672,207.5113067626953,2.296778440475464,42.61299133300781,,15.78125,1,3330820
1740308601151.038,32.81875228881836,207.5446929931641,2.333526849746704,45.10630416870117,,15.78125,1,3330839
1740308601173.6606,32.83025360107422,207.57586669921875,2.336151599884033,43.3685417175293,,15.78125,1,3330861
1740308601192.9749,32.81095886230469,207.5043182373047,2.3400890827178955,44.27519989013672,,15.78125,1,3330880
1740308601212.0166,32.84261703491211,207.5177154541016,2.347963571548462,46.84407043457031,,15.78125,1,3330900
1740308601240.0298,32.84847640991211,207.49545288085935,2.2757792472839355,45.55963516235352,,15.78125,1,3330922
1740308601255.2363,32.85331344604492,207.48573303222656,2.3204023838043213,42.2352180480957,,15.7734375,1,3330943
1740308601275.4336,32.86272048950195,207.4687957763672,2.346651315689087,44.652976989746094,,15.7734375,1,3330963
1740308601296.1316,32.841758728027344,207.4404754638672,2.336151599884033,43.59520721435547,,15.7734375,1,3330984
1740308601317.649,32.83960723876953,207.50738525390625,2.328277111053467,45.10630416870117,,15.7734375,1,3331004
1740308601337.693,32.862022399902344,207.4687957763672,2.3715877532958984,45.40852355957031,,15.7734375,1,3331025
1740308601364.861,32.84912109375,207.46046447753903,2.3243396282196045,42.839656829833984,,15.7734375,1,3331052
1740308601378.3638,32.84256362915039,207.45181274414065,2.363713026046753,42.46188354492188,,15.7734375,1,3331067
1740308601400.8809,32.82315826416016,207.44261169433597,2.3059654235839844,43.82187271118164,,15.7734375,1,3331089
1740308601419.8088,32.8388557434082,207.4568634033203,2.330901861190796,44.04853439331055,,15.7734375,1,3331108
1740308601441.7295,32.837242126464844,207.4275665283203,2.3558382987976074,44.19964599609375,,15.7734375,1,3331129
1740308601460.404,32.852294921875,207.35177612304688,2.31384015083313,44.27519989013672,,15.796875,1,3331148
1740308601482.0125,32.838748931884766,207.4270782470703,2.3387765884399414,43.59520721435547,,15.796875,1,3331170
1740308601501.1511,32.83240509033203,207.39328002929688,2.315152645111084,42.68854522705078,,15.796875,1,3331189
1740308601523.7517,32.80284118652344,207.40843200683597,2.2928409576416016,45.71074295043945,,15.796875,1,3331211
1740308601548.4917,32.809024810791016,207.3790283203125,2.319089889526367,44.19964599609375,,15.7734375,1,3331231
1740308601562.975,32.88056564331055,207.3939666748047,2.3256521224975586,43.141876220703125,,15.7734375,1,3331250
1740308601584.8967,32.8649787902832,207.34957885742188,2.319089889526367,43.746315002441406,,15.7734375,1,3331272
1740308601602.7627,32.855464935302734,207.3419952392578,2.328277111053467,43.217430114746094,,15.7734375,1,3331291
1740308601624.1504,32.875030517578125,207.3489227294922,2.3427138328552246,44.72853088378906,,15.7734375,1,3331312
1740308601643.088,32.82891082763672,207.3946685791016,2.330901861190796,42.53743743896485,,15.7734375,1,3331331
1740308601663.5957,32.87492370605469,207.32823181152344,2.3742125034332275,44.27519989013672,,15.6953125,1,3331352
1740308601684.911,32.876319885253906,207.3347320556641,2.330901861190796,45.181861877441406,,15.6953125,1,3331373
1740308601704.932,32.82063293457031,207.31468200683597,2.3427138328552246,44.35075378417969,,15.6953125,1,3331393
1740308601725.341,32.861324310302734,207.34521484375,2.296778440475464,43.89742660522461,,15.6953125,1,3331414
1740308601745.827,32.92329788208008,207.30758666992188,2.3545258045196533,45.71074295043945,,15.6953125,1,3331434
1740308601766.8284,32.87852478027344,207.31689453125,2.3387765884399414,42.38632583618164,,15.6953125,1,3331455
1740308601787.2466,32.89438247680664,207.3006591796875,2.3256521224975586,46.315185546875,,15.6953125,1,3331475
1740308601808.046,32.86637496948242,207.32135009765625,2.31384015083313,44.27519989013672,,15.6953125,1,3331496
1740308601829.9917,32.88470458984375,207.3063507080078,2.376837491989136,44.652976989746094,,15.75,1,3331518
1740308601850.9072,32.8649787902832,207.2934112548828,2.347963571548462,46.01296615600586,,15.75,1,3331539
1740308601870.715,32.861324310302734,207.28921508789065,2.302028179168701,45.48408126831055,,15.75,1,3331559
1740308601891.7903,32.88212585449219,207.2608337402344,2.3112151622772217,43.29298782348633,,15.75,1,3331580
1740308601910.937,32.86143112182617,207.2779235839844,2.3033406734466557,44.50186538696289,,15.75,1,3331600
1740308601932.8582,32.857452392578125,207.2244415283203,2.333526849746704,46.54185104370117,,15.71875,1,3331621
1740308601953.1348,32.844337463378906,207.2337951660156,2.330901861190796,42.0841064453125,,15.71875,1,3331641
1740308601973.0464,32.89706802368164,207.2836151123047,2.317777395248413,45.40852355957031,,15.71875,1,3331662
1740308602003.0486,32.8969612121582,207.2207794189453,2.3256521224975586,43.59520721435547,,15.71875,1,3331683
1740308602015.2256,32.892555236816406,207.25067138671875,2.357150793075561,47.372955322265625,,15.71875,1,3331703
1740308602035.3855,32.88067626953125,207.2055206298828,2.3269646167755127,44.652976989746094,,15.71875,1,3331724
1740308602055.6577,32.91018295288086,207.2351837158203,2.3545258045196533,42.38632583618164,,15.71875,1,3331744
1740308602076.3518,32.887393951416016,207.2065887451172,2.362400531768799,44.57741928100586,,15.71875,1,3331765
1740308602096.152,32.882179260253906,207.19374084472656,2.336151599884033,45.40852355957031,,15.71875,1,3331785
1740308602117.6345,32.921634674072266,207.1945037841797,2.316464900970459,45.257415771484375,,15.71875,1,3331806
1740308602138.086,32.88599395751953,207.20997619628903,2.362400531768799,43.141876220703125,,15.7578125,1,3331826
1740308602159.0332,32.89841079711914,207.16661071777344,2.3217148780822754,45.0307502746582,,15.7578125,1,3331847
1740308602180.932,32.88605117797852,207.1442413330078,2.31384015083313,44.35075378417969,,15.7578125,1,3331868
1740308602200.3992,32.91303253173828,207.1575164794922,2.3269646167755127,44.955196380615234,,15.7578125,1,3331889
1740308602221.6133,32.907711029052734,207.1935272216797,2.3217148780822754,42.46188354492188,,15.71875,1,3331910
1740308602241.797,32.86384963989258,207.15789794921875,2.3545258045196533,44.42631149291992,,15.71875,1,3331930
1740308602260.969,32.904754638671875,207.13128662109372,2.330901861190796,43.89742660522461,,15.71875,1,3331950
1740308602282.5156,32.92485809326172,207.1612243652344,2.346651315689087,45.257415771484375,,15.71875,1,3331971
1740308602302.303,32.8769645690918,207.15692138671875,2.345338821411133,43.217430114746094,,15.71875,1,3331991
1740308602322.8433,32.87691116333008,207.1151123046875,2.3400890827178955,46.39073944091797,,15.71875,1,3332011
1740308602348.1804,32.89083480834961,207.09500122070312,2.299403190612793,45.181861877441406,,15.671875,1,3332035
1740308602367.8726,32.863258361816406,207.1239776611328,2.309902667999268,44.955196380615234,,15.671875,1,3332056
1740308602387.4072,32.863311767578125,207.11843872070312,2.3230271339416504,42.2352180480957,,15.671875,1,3332075
1740308602407.8652,32.86137771606445,207.12322998046875,2.3729002475738525,43.3685417175293,,15.671875,1,3332096
1740308602427.458,32.8536376953125,207.09442138671875,2.383399724960327,43.82187271118164,,15.71875,1,3332116
1740308602448.3303,32.864601135253906,207.133056640625,2.33221435546875,43.3685417175293,,15.71875,1,3332137
1740308602469.2568,32.84648895263672,207.1395721435547,2.3204023838043213,44.80408477783203,,15.71875,1,3332158
1740308602490.4844,32.88137435913086,207.1023712158203,2.3256521224975586,45.71074295043945,,15.71875,1,3332179
1740308602511.1667,32.89088821411133,207.1298370361328,2.3702752590179443,43.746315002441406,,15.7109375,1,3332200
1740308602533.2922,32.89352035522461,207.03598022460935,2.300715684890747,46.239627838134766,,15.7109375,1,3332221
1740308602552.4585,32.87621307373047,207.10060119628903,2.330901861190796,46.08852005004883,,15.7109375,1,3332241
1740308602573.6465,32.92158126831055,207.0780792236328,2.3597757816314697,45.332969665527344,,15.7109375,1,3332262
1740308602593.2285,32.89379119873047,207.0619964599609,2.330901861190796,45.0307502746582,,15.7109375,1,3332282
1740308602616.9675,32.89610290527344,207.07049560546875,2.3387765884399414,45.55963516235352,,15.7109375,1,3332305
1740308602634.1753,32.90658187866211,207.07855224609372,2.3400890827178955,44.04853439331055,,15.7109375,1,3332323
1740308602655.0583,32.925933837890625,207.0472717285156,2.3414013385772705,44.57741928100586,,15.78125,1,3332344
1740308602675.1204,32.972373962402344,207.06082153320312,2.315152645111084,43.89742660522461,,15.78125,1,3332364
1740308602696.5806,32.96753692626953,207.04673767089844,2.3558382987976074,44.72853088378906,,15.78125,1,3332385
1740308602716.612,32.96108627319336,207.0572662353516,2.3414013385772705,43.217430114746094,,15.78125,1,3332405
1740308602737.0432,32.98484420776367,207.02281188964844,2.3374640941619877,45.10630416870117,,15.8046875,1,3332425
1740308602758.5972,32.91367721557617,207.03550720214844,2.330901861190796,44.955196380615234,,15.8046875,1,3332447
1740308602779.989,32.90959167480469,207.05372619628903,2.3532135486602783,43.67076110839844,,15.8046875,1,3332468
1740308602799.6868,32.9323844909668,207.01910400390625,2.3545258045196533,45.181861877441406,,15.8046875,1,3332487
1740308602822.13,32.94281005859375,207.0050811767578,2.347963571548462,44.57741928100586,,15.734375,1,3332509
1740308602841.0588,32.93732833862305,207.01443481445312,2.333526849746704,43.89742660522461,,15.734375,1,3332529
1740308602861.6316,32.914913177490234,207.0177154541016,2.3427138328552246,44.57741928100586,,15.734375,1,3332549
1740308602882.389,32.922706604003906,206.94461059570312,2.345338821411133,43.3685417175293,,15.734375,1,3332570
1740308602904.1628,32.88298416137695,206.98497009277344,2.357150793075561,43.519649505615234,,15.734375,1,3332593
1740308602923.7454,32.88492202758789,207.00131225585935,2.3400890827178955,41.78188705444336,,15.734375,1,3332611
1740308602944.2073,32.92227935791016,206.97352600097656,2.329589366912842,45.78630065917969,,15.6875,1,3332632
1740308602965.2288,32.89314651489258,206.9973907470703,2.3558382987976074,43.444095611572266,,15.6875,1,3332653
1740308602985.3567,32.906097412109375,206.94073486328125,2.367650270462036,44.879638671875,,15.6875,1,3332673
1740308603005.5916,32.87089157104492,206.93772888183597,2.3427138328552246,43.217430114746094,,15.6875,1,3332693
1740308603026.78,32.873741149902344,206.95664978027344,2.3610880374908447,42.0841064453125,,15.6953125,1,3332714
1740308603047.3506,32.87164306640625,206.9583740234375,2.3729002475738525,41.93299865722656,,15.6953125,1,3332735
1740308603068.9138,32.843692779541016,206.92498779296875,2.298090696334839,44.50186538696289,,15.6953125,1,3332756
1740308603086.984,32.887447357177734,206.90252685546875,2.349276065826416,46.54185104370117,,15.6953125,1,3332775
1740308603106.0164,32.889007568359375,206.94454956054688,2.3269646167755127,42.0841064453125,,15.7109375,1,3332795
1740308603127.6682,32.87529754638672,206.90892028808597,2.384712219238281,44.80408477783203,,15.7109375,1,3332816
1740308603147.8655,32.8708381652832,206.89601135253903,2.345338821411133,43.444095611572266,,15.7109375,1,3332836
1740308603168.0552,32.9089469909668,206.9221954345703,2.349276065826416,45.332969665527344,,15.7109375,1,3332856
1740308603189.3652,32.87487030029297,206.9624481201172,2.3085904121398926,44.955196380615234,,15.7109375,1,3332878
1740308603210.5293,32.85266876220703,206.89112854003903,2.384712219238281,44.72853088378906,,15.7109375,1,3332899
1740308603231.1982,32.864654541015625,206.9173583984375,2.3610880374908447,46.39073944091797,,15.7734375,1,3332920
1740308603252.1863,32.87379455566406,206.9172515869141,2.363713026046753,45.181861877441406,,15.7734375,1,3332940
1740308603273.4883,32.895240783691406,206.8890838623047,2.3440263271331787,44.57741928100586,,15.7734375,1,3332961
1740308603295.693,32.86906433105469,206.88693237304688,2.358463287353516,44.19964599609375,,15.7734375,1,3332983
1740308603316.7874,32.869224548339844,206.8645172119141,2.346651315689087,43.97298049926758,,15.7734375,1,3333004
1740308603337.227,32.813377380371094,206.8632354736328,2.3532135486602783,42.38632583618164,,15.78125,1,3333025
1740308603357.7646,32.90314102172852,206.8825836181641,2.365025520324707,44.27519989013672,,15.78125,1,3333045
1740308603379.2844,32.8990592956543,206.8846740722656,2.3545258045196533,42.91521072387695,,15.78125,1,3333067
1740308603399.1084,32.87857818603516,206.83786010742188,2.3715877532958984,44.879638671875,,15.78125,1,3333086
1740308603419.894,32.8563232421875,206.88124084472656,2.346651315689087,40.87522888183594,,15.7578125,1,3333108
1740308603439.387,32.863311767578125,206.8415679931641,2.382087230682373,44.27519989013672,,15.7578125,1,3333127
1740308603460.3572,32.90099334716797,206.82904052734372,2.345338821411133,44.80408477783203,,15.7578125,1,3333148
1740308603481.1758,32.843746185302734,206.78851318359372,2.35058856010437,43.82187271118164,,15.7578125,1,3333169
1740308603502.3928,32.89674758911133,206.85028076171875,2.345338821411133,43.97298049926758,,15.7578125,1,3333190
1740308603523.483,32.91367721557617,206.8751678466797,2.358463287353516,44.27519989013672,,15.7578125,1,3333211
1740308603541.5674,32.91141891479492,206.8598480224609,2.3204023838043213,44.652976989746094,,15.71875,1,3333230
1740308603565.266,32.91319274902344,206.79335021972656,2.3532135486602783,43.97298049926758,,15.71875,1,3333253
1740308603586.9033,32.88497543334961,206.8101806640625,2.336151599884033,43.29298782348633,,15.71875,1,3333274
1740308603606.987,32.914161682128906,206.8377990722656,2.336151599884033,44.42631149291992,,15.71875,1,3333294
1740308603627.3015,32.86970901489258,206.80323791503903,2.3400890827178955,42.99076843261719,,15.796875,1,3333314
1740308603646.1465,32.8649787902832,206.7606201171875,2.3440263271331787,43.82187271118164,,15.796875,1,3333334
1740308603666.2417,32.87825393676758,206.80506896972656,2.351901054382324,43.06632232666016,,15.796875,1,3333354
1740308603686.6533,32.915077209472656,206.78173828125,2.358463287353516,45.71074295043945,,15.796875,1,3333374
1740308603708.0715,32.88191223144531,206.79974365234372,2.3440263271331787,43.06632232666016,,15.7734375,1,3333395
1740308603728.152,32.87094497680664,206.7604522705078,2.3938992023468018,43.3685417175293,,15.7734375,1,3333415
1740308603752.0122,32.90169143676758,206.76255798339844,2.3597757816314697,45.55963516235352,,15.7734375,1,3333437
1740308603766.3445,32.87648010253906,206.7877655029297,2.328277111053467,44.652976989746094,,15.7734375,1,3333455
1740308603787.3943,32.89970397949219,206.7586212158203,2.328277111053467,42.99076843261719,,15.6953125,1,3333476
